  No    Ref    V       B-V     U-B

 0001   545  11.261   0.441   0.002
 0002   545  12.118   1.362   1.191
 0002   548  11.539   1.709         
 0003   545  12.172   0.443   0.268
 0004   545  12.333   0.791   0.359
 0005   545  12.911   1.193   0.855
 0006   545  13.309   0.658  -0.019
 0006   548  12.880   0.768         
 0007   545  13.754   1.921   1.750
 0007   548  13.143   2.365         
 0008   545  13.761   0.706   0.070
 0008   548  13.312   0.845         
 0009   545  13.972   0.735   0.113
 0009   548  13.550   0.893         
 0010   545  13.980   0.875   0.333
 0010   548  13.523   1.070         
 0011   545  14.089   0.819   0.176
 0011   548  13.625   0.993         
 0012   545  14.141   1.317   0.695
 0012   548  13.532   1.746         
 0013   545  14.279   1.948   2.029
 0013   548  13.694   2.401         
 0014   545  14.368   1.818   1.688
 0014   548  13.769   2.181         
 0015   545  14.416   0.779   0.179
 0015   548  13.930   0.974         
 0016   545  14.475   2.238         
 0016   548  13.890   2.781         
 0017   545  14.528   0.790   0.104
 0017   548  14.075   0.956         
 0018   545  14.593   0.868   0.250
 0018   548  14.136   1.020         
 0019   545  14.663   1.711         
 0019   548  14.078   2.122         
 0020   545  14.669   0.846   0.241
 0020   548  14.222   1.034         
 0021   545  14.678   1.717   1.441
 0021   548  14.121   2.102         
 0022   545  14.727   1.649   1.230
 0022   548  14.176   1.993         
 0023   545  14.744   0.691   0.366
 0023   548  14.311   0.817         
 0024   545  14.759   1.001   0.655
 0024   548  14.300   1.222         
 0025   545  14.830   0.914   0.308
 0025   548  14.344   1.098         
 0026   545  14.851   0.726   0.131
 0026   548  14.391   0.924         
 0027   545  14.862   1.574   1.299
 0027   548  14.325   1.955         
 0028   545  14.916   0.829   0.256
 0028   548  14.450   1.010         
 0029   545  14.920   0.830   0.184
 0029   548  14.461   1.012         
 0030   545  15.017   1.582   1.294
 0030   548  14.478   1.965         
 0031   545  15.020   1.059   0.974
 0031   548  14.509   1.347         
 0032   545  15.033   1.676   1.436
 0032   548  14.482   2.066         
 0033   545  15.054   1.644   1.390
 0033   548  14.492   2.033         
 0034   545  15.062   0.687   0.347
 0034   548  14.604   0.833         
 0035   545  15.082   1.490         
 0035   548  14.406   1.888         
 0036   545  15.095   1.553   1.320
 0036   548  14.419   1.889         
 0037   545  15.100   0.983   0.543
 0037   548  14.633   1.208         
 0038   545  15.128   1.618   1.289
 0038   548  14.583   1.983         
 0039   545  15.137   1.647   1.373
 0039   548  14.611   1.996         
 0040   545  15.181   1.652   1.448
 0040   548  14.643   2.008         
 0041   545  15.185   0.816   0.248
 0041   548  14.724   1.037         
 0042   545  15.227   1.596   1.371
 0042   548  14.664   1.985         
 0043   545  15.257   0.906   0.312
 0043   548  14.787   1.143         
 0044   545  15.258   0.705   0.313
 0044   548  14.781   0.861         
 0045   545  15.283   1.718   1.414
 0045   548  14.730   2.056         
 0046   545  15.297   1.225   0.750
 0046   548  14.790   1.498         
 0047   545  15.308   1.523   1.284
 0047   548  14.771   1.885         
 0048   545  15.338   0.671   0.251
 0048   548  14.862   0.838         
 0049   545  15.445   1.002   0.516
 0049   548  14.971   1.183         
 0050   545  15.466   0.911   0.326
 0050   548  14.987   1.133         
 0051   545  15.494   0.863   0.220
 0051   548  15.066   1.016         
 0052   545  15.510   0.807   0.090
 0052   548  15.047   0.980         
 0053   545  15.534   1.337   1.052
 0053   548  15.024   1.662         
 0054   545  15.571   1.071   0.379
 0054   548  15.060   1.289         
 0055   545  15.576   0.997   0.578
 0055   548  15.129   1.251         
 0056   545  15.658   0.873   0.559
 0056   548  15.182   1.045         
 0057   545  15.665   0.770   0.357
 0057   548  15.215   0.939         
 0058   545  15.713   1.038   0.406
 0058   548  15.208   1.272         
 0059   545  15.766   0.979   0.271
 0059   548  15.285   1.172         
 0060   545  15.832   2.318         
 0060   548  15.245   2.805         
 0061   545  15.875   1.662   1.080
 0061   548  15.347   2.042         
 0062   545  15.876   0.839   0.127
 0062   548  15.423   1.004         
 0063   545  15.921   0.979   0.506
 0063   548  15.439   1.208         
 0064   545  15.964   1.211   0.477
 0064   548  15.429   1.488         
 0065   545  15.993   0.994   0.453
 0065   548  15.531   1.181         
 0066   545  16.023   0.917   0.315
 0066   548  15.595   1.095         
 0067   545  16.050   0.946   0.373
 0067   548  15.560   1.223         
 0068   545  16.078   1.176   0.392
 0068   548  15.411   1.458         
 0069   545  16.087   1.074   0.431
 0069   548  15.581   1.333         
 0070   545  16.115   1.018   0.458
 0070   548  15.624   1.255         
 0071   545  16.162   0.983   0.297
 0071   548  15.681   1.198         
 0072   545  16.185   1.207   0.464
 0072   548  15.667   1.418         
 0073   545  16.191   1.081   0.463
 0073   548  15.693   1.334         
 0074   545  16.200   1.113   0.451
 0074   548  15.648   1.374         
 0075   545  16.211   1.182   0.455
 0075   548  15.725   1.389         
 0076   545  16.212   0.882   0.252
 0076   548  15.779   1.069         
 0077   545  16.240   0.897   0.305
 0077   548  15.750   1.156         
 0078   545  16.241   2.443         
 0079   545  16.248   1.015   0.379
 0079   548  15.750   1.264         
 0080   545  16.280   1.634   1.317
 0080   548  15.744   1.950         
 0081   545  16.291   1.307   1.078
 0081   548  15.753   1.666         
 0082   545  16.304   0.927   0.405
 0082   548  15.781   1.104         
 0083   545  16.312   1.208   0.617
 0083   548  15.828   1.489         
 0084   545  16.322   1.173   0.614
 0084   548  15.826   1.438         
 0085   545  16.329   1.223   0.526
 0085   548  15.799   1.472         
 0086   545  16.358   1.619   1.143
 0086   548  15.803   1.967         
 0087   545  16.358   1.065   0.713
 0087   548  15.912   1.294         
 0088   545  16.359   1.084   0.722
 0088   548  15.909   1.326         
 0089   545  16.378   0.987   0.350
 0089   548  15.886   1.195         
 0090   545  16.394   0.990   0.285
 0090   548  15.934   1.156         
 0091   545  16.407   2.525         
 0092   545  16.409   1.148   0.624
 0092   548  15.936   1.378         
 0093   545  16.413   1.067   0.538
 0093   548  15.921   1.292         
 0094   545  16.421   1.047   0.436
 0094   548  15.937   1.264         
 0095   545  16.428   0.975   0.500
 0095   548  15.939   1.208         
 0096   545  16.432   1.057   0.440
 0096   548  15.942   1.324         
 0097   545  16.457   1.537   1.151
 0097   548  15.894   1.941         
 0098   545  16.457   1.293   0.622
 0098   548  15.953   1.565         
 0099   545  16.467   1.077   0.407
 0099   548  15.975   1.335         
 0100   545  16.472   1.024   0.397
 0100   548  15.991   1.245         
 0101   545  16.492   1.681         
 0101   548  15.937   2.065         
 0102   545  16.501   0.886   0.361
 0102   548  16.005   1.153         
 0103   545  16.515   2.703         
 0104   545  16.523   1.097   0.384
 0104   548  16.051   1.395         
 0105   545  16.527   1.121   0.381
 0105   548  16.035   1.355         
 0106   545  16.538   1.145   0.705
 0106   548  16.003   1.465         
 0107   545  16.554   1.143         
 0107   548  16.061   1.387         
 0108   545  16.556   1.061   0.213
 0108   548  16.102   1.280         
 0109   545  16.565   1.090   0.459
 0109   548  16.054   1.361         
 0110   545  16.576   1.082   0.376
 0111   545  16.587   2.263         
 0111   548  15.946   2.766         
 0112   545  16.587   1.048   0.335
 0112   548  16.098   1.280         
 0113   545  16.594   1.077   0.411
 0113   548  16.070   1.327         
 0114   545  16.597   1.148   0.428
 0114   548  16.107   1.383         
 0115   545  16.610   1.016   0.394
 0115   548  16.081   1.265         
 0116   545  16.621   1.130   0.337
 0116   548  16.141   1.326         
 0117   545  16.621   1.070   0.304
 0117   548  16.080   1.274         
 0118   545  16.632   1.145   0.421
 0118   548  16.098   1.453         
 0119   545  16.632   1.155   0.491
 0119   548  16.119   1.377         
 0120   545  16.633   1.097   0.623
 0121   545  16.646   1.114   0.429
 0121   548  16.190   1.338         
 0122   545  16.669   1.193   0.889
 0122   548  16.145   1.457         
 0123   545  16.680   1.412   1.014
 0123   548  16.113   1.771         
 0124   545  16.684   1.015   0.396
 0124   548  16.138   1.256         
 0125   545  16.700   1.016   0.349
 0125   548  16.232   1.244         
 0126   545  16.706   1.022   0.358
 0126   548  16.226   1.243         
 0127   545  16.710   1.154   0.568
 0127   548  16.200   1.420         
 0128   545  16.711   1.063   0.424
 0128   548  16.224   1.319         
 0129   545  16.725   1.137   0.445
 0129   548  16.241   1.393         
 0130   545  16.726   1.203   0.423
 0130   548  16.201   1.464         
 0132   545  16.755   1.067   0.297
 0132   548  16.281   1.319         
 0133   545  16.765   1.084   0.501
 0133   548  16.238   1.297         
 0134   545  16.767   1.055   0.343
 0134   548  16.259   1.272         
 0135   545  16.768   1.098   0.412
 0135   548  16.272   1.358         
 0136   545  16.776   0.944   0.242
 0136   548  16.282   1.180         
 0137   545  16.781   1.190   0.556
 0137   548  16.277   1.463         
 0138   545  16.781   1.079   0.407
 0138   548  16.286   1.281         
 0139   545  16.786   1.033   0.301
 0139   548  16.251   1.301         
 0140   545  16.791   1.686         
 0140   548  16.257   2.077         
 0141   545  16.793   0.941   0.255
 0141   548  16.309   1.158         
 0142   545  16.796   1.119   0.444
 0143   545  16.802   1.073   0.389
 0143   548  16.299   1.337         
 0144   545  16.805   1.029   0.396
 0144   548  16.344   1.254         
 0145   545  16.806   1.078   0.605
 0145   548  16.273   1.374         
 0146   545  16.809   1.125   0.408
 0146   548  16.339   1.329         
 0147   545  16.846   1.112   0.456
 0147   548  16.329   1.373         
 0148   545  16.847   1.166   0.525
 0148   548  16.362   1.415         
 0149   545  16.851   1.096   0.392
 0149   548  16.352   1.345         
 0150   545  16.856   2.059         
 0150   548  16.272   2.522         
 0151   545  16.857   2.062         
 0151   548  16.273   2.464         
 0152   545  16.857   1.210   0.575
 0152   548  16.409   1.415         
 0153   545  16.858   1.084   0.489
 0153   548  16.304   1.228         
 0154   545  16.872   0.991   0.256
 0154   548  16.344   1.202         
 0155   545  16.885   1.132   0.474
 0155   548  16.346   1.413         
 0156   545  16.891   1.041   0.360
 0156   548  16.410   1.284         
 0157   545  16.897   1.090   0.364
 0157   548  16.395   1.312         
 0158   545  16.903   0.866   0.513
 0158   548  16.421   1.097         
 0159   545  16.906   1.845         
 0159   548  16.304   2.357         
 0160   545  16.912   1.121   0.537
 0160   548  16.382   1.373         
 0161   545  16.914   1.047   0.406
 0161   548  16.438   1.289         
 0162   545  16.916   1.117   0.302
 0162   548  16.439   1.335         
 0163   545  16.919   1.134   0.380
 0163   548  16.331   1.430         
 0164   545  16.927   1.093   0.691
 0164   548  16.459   1.347         
 0165   545  16.932   1.165   0.553
 0165   548  16.410   1.403         
 0166   545  16.936   0.965   0.636
 0166   548  16.443   1.136         
 0167   545  16.941   1.693         
 0167   548  16.470   2.035         
 0168   545  16.978   1.122   0.517
 0168   548  16.469   1.355         
 0169   545  16.980   1.142   0.464
 0169   548  16.518   1.376         
 0170   545  16.987   1.076   0.419
 0170   548  16.501   1.328         
 0171   545  16.989   1.065   0.363
 0171   548  16.446   1.319         
 0172   545  16.995   2.693         
 0173   545  17.017   1.188         
 0174   545  17.022   2.230         
 0174   548  16.370   2.733         
 0176   545  17.031   1.928         
 0176   548  16.467   2.328         
 0177   545  17.037   1.093   0.316
 0177   548  16.567   1.294         
 0178   545  17.038   1.191   0.519
 0178   548  16.570   1.435         
 0179   545  17.054   0.865   0.454
 0179   548  16.573   1.095         
 0180   545  17.064   1.052   0.460
 0180   548  16.540   1.322         
 0181   545  17.065   1.026   0.480
 0181   548  16.587   1.311         
 0182   545  17.070   1.079   0.349
 0182   548  16.605   1.293         
 0183   545  17.076   1.165   0.467
 0183   548  16.585   1.393         
 0184   545  17.086   1.142   0.466
 0184   548  16.587   1.359         
 0185   545  17.090   1.134   0.465
 0185   548  16.614   1.337         
 0186   545  17.095   0.986   0.325
 0186   548  16.630   1.219         
 0187   545  17.101   1.133   0.350
 0187   548  16.583   1.368         
 0188   545  17.103   1.031   0.533
 0188   548  16.619   1.310         
 0189   545  17.110   1.120   0.450
 0189   548  16.619   1.336         
 0190   545  17.116   1.100   0.282
 0190   548  16.608   1.330         
 0191   545  17.135   1.107   0.372
 0191   548  16.598   1.324         
 0192   545  17.138   1.070   0.360
 0192   548  16.672   1.308         
 0193   545  17.139   1.051   0.389
 0193   548  16.648   1.272         
 0194   545  17.148   1.140   0.647
 0194   548  16.615   1.358         
 0195   545  17.151   1.026   0.254
 0195   548  16.715   1.232         
 0196   545  17.155   1.105   0.388
 0196   548  16.672   1.278         
 0197   545  17.156   2.042         
 0198   545  17.160   1.108   0.390
 0198   548  16.627   1.345         
 0199   545  17.160   1.403         
 0199   548  16.637   1.734         
 0200   545  17.163   1.122   0.462
 0200   548  16.634   1.340         
 0201   545  17.164   1.112   0.407
 0201   548  16.684   1.374         
 0202   545  17.172   1.529         
 0202   548  16.642   1.878         
 0203   545  17.183   1.112   0.403
 0203   548  16.681   1.359         
 0204   545  17.183   1.046   0.412
 0204   548  16.647   1.307         
 0205   545  17.184   1.051   0.351
 0205   548  16.663   1.307         
 0206   545  17.186   1.187         
 0206   548  16.677   1.413         
 0207   545  17.192   1.085   0.339
 0207   548  16.706   1.347         
 0208   545  17.192   1.103   0.514
 0208   548  16.664   1.391         
 0209   545  17.192   1.276         
 0209   548  16.684   1.559         
 0210   545  17.203   1.132   0.379
 0210   548  16.698   1.343         
 0211   545  17.206   1.051   0.388
 0212   545  17.211   0.902   0.442
 0212   548  16.804   1.134         
 0213   545  17.226   1.195   0.488
 0213   548  16.727   1.464         
 0214   545  17.239   1.035   0.315
 0214   548  16.721   1.288         
 0215   545  17.239   1.110   0.497
 0215   548  16.739   1.390         
 0216   545  17.240   1.123   0.443
 0216   548  16.754   1.350         
 0217   545  17.242   1.236   0.365
 0217   548  16.750   1.461         
 0218   545  17.242   1.323         
 0218   548  16.688   1.762         
 0219   545  17.252   1.131   0.516
 0219   548  16.787   1.319         
 0220   545  17.275   1.147   0.244
 0220   548  16.762   1.378         
 0221   545  17.275   1.127   0.594
 0221   548  16.802   1.369         
 0222   545  17.281   1.143         
 0222   548  16.748   1.428         
 0223   545  17.283   1.932         
 0223   548  16.677   2.394         
 0224   545  17.287   1.080   0.365
 0224   548  16.782   1.318         
 0225   545  17.300   1.360         
 0226   545  17.306   1.067   0.302
 0226   548  16.820   1.287         
 0227   545  17.307   1.145   0.255
 0227   548  16.798   1.383         
 0228   545  17.311   1.193   0.398
 0228   548  16.747   1.474         
 0229   545  17.316   1.105   0.333
 0229   548  16.830   1.360         
 0230   545  17.327   1.089   0.611
 0230   548  16.827   1.369         
 0231   545  17.331   1.051   0.715
 0231   548  16.823   1.409         
 0232   545  17.333   1.028   0.578
 0232   548  16.853   1.310         
 0233   545  17.337   1.088   0.335
 0233   548  16.784   1.352         
 0234   545  17.348   1.107   0.443
 0234   548  16.843   1.386         
 0235   545  17.354   1.308         
 0235   548  16.817   1.594         
 0236   545  17.357   1.113         
 0236   548  16.908   1.275         
 0237   545  17.364   1.062   0.413
 0237   548  16.881   1.341         
 0238   545  17.373   1.119   0.275
 0238   548  16.775   1.346         
 0239   545  17.374   1.092   0.496
 0239   548  16.861   1.396         
 0240   545  17.381   1.233         
 0240   548  16.890   1.497         
 0241   545  17.383   1.208         
 0241   548  16.873   1.451         
 0242   545  17.384   2.199         
 0242   548  16.775   2.675         
 0243   545  17.391   1.191         
 0244   545  17.395   1.132   0.410
 0244   548  16.861   1.371         
 0245   545  17.397   1.184   0.378
 0246   545  17.397   1.134   0.531
 0246   548  16.906   1.399         
 0247   545  17.406   1.080   0.427
 0248   545  17.419   1.022   0.365
 0248   548  16.927   1.267         
 0249   545  17.432   2.001         
 0249   548  16.813   2.444         
 0250   545  17.447   1.186   0.510
 0250   548  16.939   1.502         
 0251   545  17.447   2.317         
 0251   548  16.839   2.735         
 0252   545  17.455   1.029   0.333
 0252   548  16.899   1.406         
 0253   545  17.460   1.176   0.371
 0253   548  16.999   1.422         
 0254   545  17.463   1.159         
 0254   548  16.907   1.443         
 0255   545  17.465   1.088         
 0255   548  16.982   1.290         
 0256   545  17.469   1.595         
 0256   548  16.957   1.946         
 0257   545  17.474   1.131   0.577
 0257   548  17.001   1.326         
 0258   545  17.488   1.094   0.427
 0258   548  17.000   1.352         
 0259   545  17.492   1.336         
 0259   548  16.950   1.678         
 0260   545  17.506   1.227         
 0260   548  16.987   1.472         
 0261   545  17.507   1.211   0.568
 0261   548  17.073   1.442         
 0262   545  17.508   1.831         
 0262   548  16.920   2.248         
 0263   545  17.510   1.173         
 0263   548  16.995   1.464         
 0264   545  17.530   1.082   0.392
 0264   548  17.007   1.330         
 0265   545  17.535   1.089   0.378
 0265   548  17.032   1.294         
 0266   545  17.553   2.269         
 0266   548  16.950   2.822         
 0267   545  17.554   1.231   0.417
 0267   548  17.059   1.420         
 0268   545  17.566   1.214   0.300
 0268   548  17.054   1.336         
 0269   545  17.569   1.054         
 0269   548  17.015   1.393         
 0270   545  17.573   0.994   0.284
 0270   548  17.083   1.280         
 0271   545  17.593   1.082   0.214
 0271   548  17.107   1.278         
 0272   545  17.612   1.205         
 0272   548  17.128   1.467         
 0273   545  17.625   1.030   0.499
 0273   548  17.183   1.180         
 0274   545  17.628   1.189         
 0274   548  17.164   1.445         
 0275   545  17.632   2.190         
 0275   548  17.024   2.828         
 0276   545  17.638   1.232         
 0276   548  17.134   1.451         
 0277   545  17.650   1.645         
 0277   548  17.124   1.994         
 0278   545  17.662   1.007   0.514
 0278   548  17.085   1.286         
 0279   545  17.688   1.041         
 0279   548  17.210   1.296         
 0280   545  17.689   1.214   0.376
 0280   548  17.141   1.358         
 0281   545  17.694   1.051         
 0281   548  17.189   1.328         
 0282   545  17.698   1.030   0.395
 0282   548  17.187   1.298         
 0283   545  17.698   1.012   0.427
 0283   548  17.161   1.298         
 0284   545  17.701   1.133         
 0284   548  17.244   1.426         
 0285   545  17.702   1.175         
 0285   548  17.219   1.434         
 0286   545  17.709   1.872         
 0286   548  17.158   2.291         
 0287   545  17.710   1.162         
 0287   548  17.226   1.408         
 0288   545  17.714   1.195         
 0288   548  17.195   1.544         
 0289   545  17.715   1.079   0.282
 0289   548  17.215   1.369         
 0290   545  17.717   1.059         
 0290   548  17.211   1.381         
 0291   545  17.736   1.018         
 0291   548  17.189   1.303         
 0292   545  17.756   1.221         
 0292   548  17.330   1.402         
 0293   545  17.757   1.173         
 0293   548  17.251   1.494         
 0294   545  17.758   1.104         
 0294   548  17.280   1.448         
 0295   545  17.762   1.327         
 0295   548  17.197   1.718         
 0296   545  17.762   1.080         
 0296   548  17.251   1.354         
 0297   545  17.764   1.121         
 0297   548  17.165   1.435         
 0298   545  17.768   1.240         
 0298   548  17.257   1.486         
 0299   545  17.771   1.160         
 0299   548  17.255   1.343         
 0300   545  17.775   2.140         
 0300   548  17.158   2.705         
 0301   545  17.781   1.382         
 0301   548  17.255   1.731         
 0303   545  17.783   1.084         
 0303   548  17.270   1.351         
 0304   545  17.786   1.100         
 0304   548  17.275   1.399         
 0305   545  17.786   1.110         
 0305   548  17.293   1.355         
 0306   545  17.787   1.145         
 0306   548  17.296   1.429         
 0307   545  17.798   1.108   0.296
 0307   548  17.289   1.345         
 0308   545  17.816   1.150         
 0308   548  17.331   1.347         
 0309   545  17.817   1.254         
 0309   548  17.281   1.529         
 0310   545  17.818   1.244         
 0310   548  17.259   1.533         
 0311   545  17.823   0.953         
 0311   548  17.351   1.129         
 0312   545  17.825   1.166         
 0312   548  17.376   1.453         
 0313   545  17.826   0.929   0.337
 0313   548  17.326   1.220         
 0314   545  17.829   1.180         
 0314   548  17.387   1.339         
 0315   545  17.831   1.087         
 0316   545  17.831   1.142         
 0316   548  17.338   1.418         
 0317   545  17.841   1.121         
 0317   548  17.294   1.388         
 0318   545  17.841   1.113         
 0318   548  17.397   1.247         
 0319   545  17.844   1.105         
 0320   545  17.853   1.836         
 0320   548  17.294   2.361         
 0321   545  17.875   1.130         
 0321   548  17.378   1.326         
 0322   545  17.901   1.144         
 0322   548  17.431   1.400         
 0323   545  17.902   1.178         
 0323   548  17.402   1.424         
 0324   545  17.907   1.100   0.362
 0324   548  17.401   1.431         
 0325   545  17.909   1.164         
 0325   548  17.468   1.318         
 0326   545  17.915   1.820         
 0326   548  17.352   2.408         
 0327   545  17.918   1.966         
 0327   548  17.326   2.401         
 0328   545  17.923   1.285         
 0328   548  17.354   1.486         
 0329   545  17.926   1.180         
 0329   548  17.496   1.525         
 0330   545  17.927   1.095         
 0330   548  17.313   1.397         
 0331   545  17.937   1.333         
 0331   548  17.376   1.678         
 0332   545  17.938   1.383         
 0332   548  17.355   1.726         
 0333   545  17.941   1.177         
 0333   548  17.451   1.471         
 0334   545  17.942   1.160         
 0334   548  17.448   1.468         
 0335   545  17.947   1.167   0.338
 0335   548  17.434   1.397         
 0336   545  17.949   1.039         
 0336   548  17.477   1.261         
 0337   545  17.954   1.155         
 0337   548  17.482   1.402         
 0338   545  17.956   1.875         
 0338   548  17.379   2.262         
 0339   545  17.957   1.202         
 0339   548  17.471   1.420         
 0340   545  17.957   1.076         
 0340   548  17.478   1.362         
 0341   545  17.963   1.228         
 0341   548  17.479   1.472         
 0342   545  17.966   2.186         
 0342   548  17.297   2.751         
 0343   545  17.971   1.174         
 0343   548  17.544   1.408         
 0344   545  17.974   1.311         
 0344   548  17.448   1.589         
 0345   545  17.987   1.058         
 0345   548  17.399   1.472         
 0346   545  17.987   1.962         
 0346   548  17.378   2.394         
 0347   545  17.992   1.125         
 0347   548  17.498   1.476         
 0348   545  18.000   1.157         
 0348   548  17.478   1.408         
 0349   545  18.007   2.014         
 0349   548  17.418   2.560         
 0350   545  18.019   1.205         
 0350   548  17.427   1.528         
 0351   545  18.019   1.112         
 0351   548  17.511   1.353         
 0352   545  18.021   1.349         
 0352   548  17.484   1.643         
 0353   545  18.024   1.123         
 0353   548  17.526   1.458         
 0354   545  18.027   1.350         
 0354   548  17.513   1.591         
 0355   545  18.035   1.319         
 0355   548  17.471   1.592         
 0356   545  18.037   1.221         
 0357   545  18.046   1.632         
 0357   548  17.514   1.964         
 0358   545  18.047   1.069         
 0358   548  17.567   1.360         
 0359   545  18.050   1.885         
 0359   548  17.485   2.353         
 0360   545  18.058   1.354         
 0360   548  17.580   1.601         
 0361   545  18.073   1.100         
 0361   548  17.596   1.335         
 0362   545  18.074   1.119         
 0362   548  17.579   1.312         
 0363   545  18.077   1.193         
 0363   548  17.597   1.413         
 0364   545  18.087   1.106         
 0364   548  17.572   1.337         
 0365   545  18.089   2.236         
 0365   548  17.484   2.745         
 0366   545  18.093   1.382         
 0366   548  17.560   1.578         
 0367   545  18.096   1.225         
 0367   548  17.645   1.443         
 0368   545  18.108   1.132         
 0368   548  17.617   1.431         
 0369   545  18.112   2.025         
 0370   545  18.120   1.361         
 0370   548  17.585   1.586         
 0371   545  18.129   1.054         
 0371   548  17.636   1.410         
 0372   545  18.137   1.188         
 0372   548  17.638   1.543         
 0373   545  18.143   1.175         
 0373   548  17.636   1.394         
 0374   545  18.145   1.235         
 0374   548  17.648   1.546         
 0375   545  18.146   1.485         
 0375   548  17.591   1.954         
 0376   545  18.154   1.272         
 0376   548  17.645   1.540         
 0377   545  18.159   1.367         
 0377   548  17.675   1.623         
 0378   545  18.166   1.282         
 0379   545  18.168   1.401         
 0379   548  17.657   1.680         
 0380   545  18.172   1.161         
 0380   548  17.702   1.389         
 0381   545  18.177   1.159         
 0381   548  17.649   1.406         
 0382   545  18.178   1.327         
 0382   548  17.701   1.550         
 0383   545  18.192   1.472         
 0383   548  17.680   1.713         
 0384   545  18.197   1.195         
 0384   548  17.725   1.373         
 0385   545  18.200   1.039         
 0385   548  17.722   1.398         
 0386   545  18.206   1.257         
 0386   548  17.698   1.515         
 0387   545  18.210   1.105         
 0387   548  17.705   1.407         
 0388   545  18.213   1.313         
 0389   545  18.223   2.026         
 0390   545  18.223   1.277         
 0390   548  17.761   1.511         
 0391   545  18.224   1.351         
 0391   548  17.736   1.880         
 0392   545  18.229   1.372         
 0392   548  17.723   1.647         
 0393   545  18.231   1.220         
 0393   548  17.718   1.469         
 0394   545  18.232   1.209         
 0394   548  17.763   1.408         
 0395   545  18.240   1.086         
 0395   548  17.715   1.337         
 0396   545  18.241   1.268         
 0396   548  17.733   1.529         
 0397   545  18.255   1.172         
 0397   548  17.792   1.483         
 0398   545  18.261   1.145         
 0399   545  18.261   1.212         
 0399   548  17.727   1.526         
 0400   545  18.263   1.127         
 0400   548  17.774   1.381         
 0401   545  18.266   1.784         
 0401   548  17.681   2.238         
 0402   545  18.267   1.143         
 0402   548  17.790   1.356         
 0403   545  18.271   1.284         
 0403   548  17.815   1.393         
 0404   545  18.272   1.095         
 0404   548  17.667   1.300         
 0405   545  18.274   1.912         
 0405   548  17.742   2.258         
 0406   545  18.281   1.068         
 0406   548  17.827   1.300         
 0407   545  18.284   0.973         
 0407   548  17.856   1.311         
 0408   545  18.289   1.188         
 0408   548  17.787   1.412         
 0409   545  18.290   1.204         
 0409   548  17.758   1.375         
 0410   545  18.292   1.174         
 0410   548  17.768   1.496         
 0411   545  18.293   1.255         
 0411   548  17.809   1.471         
 0413   545  18.314   1.836         
 0413   548  17.807   2.227         
 0414   545  18.317   1.698         
 0415   545  18.324   1.153         
 0415   548  17.833   1.472         
 0416   545  18.326   1.496         
 0417   545  18.335   1.212         
 0417   548  17.906   1.601         
 0418   545  18.349   1.903         
 0419   545  18.351   1.220         
 0419   548  17.868   1.381         
 0420   545  18.355   1.338         
 0420   548  17.894   1.560         
 0421   545  18.365   1.278         
 0421   548  17.894   1.415         
 0422   545  18.371   1.010         
 0422   548  17.853   1.338         
 0423   545  18.375   1.350         
 0423   548  17.840   1.594         
 0424   545  18.393   1.210         
 0424   548  17.816   1.267         
 0426   545  18.397   1.344         
 0426   548  17.890   1.506         
 0427   545  18.414   1.148         
 0427   548  17.915   1.401         
 0428   545  18.416   1.798         
 0429   545  18.421   1.391         
 0430   545  18.421   1.227         
 0430   548  17.860   1.645         
 0431   545  18.425   1.454         
 0431   548  17.935   1.877         
 0432   545  18.428   1.053         
 0432   548  17.885   1.439         
 0433   545  18.430   1.142         
 0433   548  17.946   1.406         
 0434   545  18.430   1.456         
 0435   545  18.434   1.176         
 0435   548  17.935   1.464         
 0436   545  18.438   1.130         
 0436   548  17.933   1.452         
 0437   545  18.457   1.203         
 0437   548  17.968   1.392         
 0438   545  18.469   1.391         
 0438   548  18.011   1.771         
 0439   545  18.475   1.186         
 0439   548  18.012   1.452         
 0440   545  18.476   1.653         
 0441   545  18.477   1.117         
 0441   548  17.986   1.426         
 0442   545  18.479   1.084         
 0442   548  17.971   1.396         
 0443   545  18.483   1.378         
 0444   548  17.693   1.689         
 0445   545  18.485   1.315         
 0445   548  17.993   1.469         
 0446   545  18.485   1.262         
 0446   548  17.993   1.397         
 0447   545  18.486   1.209         
 0447   548  17.973   1.442         
 0448   545  18.486   1.394         
 0448   548  17.916   1.675         
 0449   545  18.488   1.768         
 0450   545  18.491   1.138         
 0450   548  17.993   1.508         
 0451   545  18.496   1.882         
 0452   545  18.498   1.485         
 0452   548  17.841   2.108         
 0453   545  18.507   1.102         
 0454   545  18.507   1.326         
 0454   548  18.030   1.556         
 0455   545  18.524   1.128         
 0455   548  18.047   1.409         
 0456   545  18.527   1.191         
 0456   548  18.029   1.449         
 0457   545  18.529   1.166         
 0457   548  17.984   1.473         
 0458   545  18.529   1.287         
 0458   548  17.943   1.626         
 0459   545  18.530   1.199         
 0459   548  17.966   1.618         
 0460   545  18.531   1.074         
 0460   548  18.031   1.555         
 0461   545  18.532   1.219         
 0461   548  18.028   1.448         
 0462   545  18.546   1.262         
 0462   548  17.980   1.634         
 0463   545  18.552   1.870         
 0464   548  18.047   2.272         
 0465   545  18.573   1.128         
 0465   548  18.052   1.428         
 0466   545  18.580   1.143         
 0466   548  18.039   1.371         
 0467   545  18.582   1.125         
 0467   548  18.008   1.502         
 0468   545  18.592   1.201         
 0468   548  18.082   1.539         
 0469   545  18.599   1.093         
 0469   548  18.111   1.417         
 0470   545  18.600   1.262         
 0470   548  18.119   1.555         
 0471   545  18.601   1.083         
 0471   548  18.101   1.443         
 0472   545  18.601   1.256         
 0472   548  18.096   1.592         
 0473   545  18.606   1.412         
 0473   548  18.106   1.689         
 0474   545  18.609   1.770         
 0475   545  18.624   1.181         
 0475   548  18.124   1.568         
 0476   545  18.626   1.727         
 0477   545  18.633   1.173         
 0477   548  18.143   1.522         
 0478   545  18.636   1.256         
 0478   548  18.152   1.599         
 0479   545  18.637   1.180         
 0479   548  18.111   1.483         
 0480   545  18.640   1.077         
 0481   545  18.646   1.182         
 0481   548  18.181   1.512         
 0482   545  18.649   1.155         
 0482   548  18.160   1.492         
 0483   545  18.655   1.091         
 0483   548  18.115   1.515         
 0484   545  18.659   1.236         
 0484   548  18.140   1.545         
 0485   545  18.659   1.458         
 0486   545  18.660   1.181         
 0486   548  18.179   1.548         
 0487   545  18.662   1.292         
 0487   548  18.167   1.633         
 0488   545  18.663   1.322         
 0489   545  18.668   1.370         
 0489   548  18.184   1.705         
 0491   545  18.675   1.265         
 0491   548  18.159   1.590         
 0492   545  18.676   1.916         
 0492   548  18.133   2.176         
 0493   545  18.677   1.256         
 0493   548  18.105   1.694         
 0494   545  18.696   1.289         
 0494   548  18.116   1.424         
 0495   545  18.699   1.168         
 0495   548  18.158   1.498         
 0496   545  18.706   1.209         
 0497   545  18.707   1.273         
 0498   545  18.709   1.311         
 0498   548  18.215   1.581         
 0499   545  18.712   1.091         
 0500   545  18.717   1.195         
 0500   548  18.230   1.565         
 0501   545  18.719   1.101         
 0501   548  18.155   1.449         
 0502   545  18.721   1.136         
 0502   548  18.252   1.399         
 0503   545  18.722   1.177         
 0503   548  18.114   1.543         
 0504   545  18.725   1.394         
 0504   548  18.204   1.686         
 0505   545  18.727   1.250         
 0505   548  18.151   1.635         
 0506   545  18.729   1.082         
 0506   548  18.218   1.400         
 0507   545  18.730   1.373         
 0507   548  18.201   1.590         
 0508   545  18.735   1.215         
 0508   548  18.177   1.737         
 0509   545  18.741   1.145         
 0509   548  18.238   1.493         
 0510   545  18.743   1.159         
 0510   548  18.222   1.450         
 0511   545  18.744   1.225         
 0511   548  18.312   1.635         
 0512   545  18.745   1.251         
 0512   548  18.235   1.436         
 0513   545  18.750   1.297         
 0514   545  18.750   1.297         
 0514   548  18.218   1.678         
 0515   545  18.756   1.258         
 0515   548  18.237   1.507         
 0516   545  18.757   1.201         
 0516   548  18.263   1.576         
 0517   548  18.252   1.578         
 0518   545  18.763   1.450         
 0518   548  18.256   1.608         
 0519   545  18.765   1.316         
 0519   548  18.161   1.649         
 0520   545  18.767   1.226         
 0520   548  18.259   1.532         
 0521   545  18.778   1.820         
 0522   545  18.778   1.061         
 0522   548  18.091   1.489         
 0523   545  18.779   1.284         
 0523   548  18.228   1.709         
 0524   545  18.779   1.144         
 0524   548  18.230   1.466         
 0525   545  18.785   1.352         
 0525   548  18.200   1.714         
 0526   545  18.786   1.173         
 0526   548  18.331   1.388         
 0527   545  18.787   1.230         
 0527   548  18.170   1.658         
 0528   545  18.787   1.204         
 0528   548  18.314   1.506         
 0529   548  18.168   2.313         
 0530   545  18.800   1.289         
 0530   548  18.214   1.583         
 0531   545  18.802   1.422         
 0531   548  18.469   1.536         
 0532   545  18.806   1.310         
 0532   548  18.217   1.673         
 0533   545  18.809   1.100         
 0533   548  18.244   1.424         
 0534   548  18.243   2.269         
 0535   545  18.811   1.186         
 0536   548  18.184   2.619         
 0537   545  18.819   1.340         
 0538   545  18.827   1.423         
 0538   548  18.275   1.727         
 0539   545  18.835   1.187         
 0540   545  18.836   1.339         
 0540   548  18.291   1.596         
 0541   545  18.842   1.202         
 0541   548  18.353   1.562         
 0542   545  18.844   1.339         
 0543   545  18.847   1.233         
 0543   548  18.382   1.576         
 0544   545  18.848   1.257         
 0544   548  18.328   1.585         
 0545   545  18.849   1.518         
 0545   548  18.304   1.849         
 0547   545  18.853   1.112         
 0547   548  18.330   1.308         
 0548   545  18.854   1.475         
 0548   548  18.248   1.777         
 0549   545  18.857   1.698         
 0550   545  18.863   1.678         
 0551   545  18.871   1.232         
 0551   548  18.392   1.575         
 0552   545  18.875   1.180         
 0552   548  18.343   1.536         
 0553   545  18.877   1.259         
 0554   545  18.884   1.366         
 0555   545  18.886   1.425         
 0556   548  18.320   1.460         
 0557   545  18.892   1.241         
 0557   548  18.431   1.572         
 0558   545  18.895   1.265         
 0558   548  18.266   1.803         
 0559   545  18.897   1.108         
 0559   548  18.418   1.405         
 0560   545  18.902   1.239         
 0560   548  18.377   1.471         
 0561   548  18.329   2.164         
 0562   545  18.907   1.326         
 0562   548  18.379   1.447         
 0563   545  18.909   1.159         
 0564   548  18.369   2.183         
 0565   548  18.424   1.524         
 0566   545  18.929   1.186         
 0566   548  18.353   1.453         
 0567   545  18.929   1.439         
 0568   545  18.935   1.276         
 0568   548  18.318   1.579         
 0570   545  18.945   1.414         
 0570   548  18.381   1.868         
 0571   545  18.946   1.298         
 0571   548  18.467   1.573         
 0572   545  18.947   1.098         
 0573   545  18.957   1.238         
 0573   548  18.505   1.566         
 0574   545  18.960   1.233         
 0575   545  18.964   1.578         
 0575   548  18.350   2.410         
 0576   545  18.965   1.151         
 0578   545  18.974   1.053         
 0578   548  18.444   1.456         
 0579   545  18.975   1.537         
 0580   545  18.976   1.212         
 0581   545  18.980   1.006         
 0581   548  18.385   1.571         
 0582   545  18.983   1.214         
 0582   548  18.491   1.668         
 0583   548  18.458   2.097         
 0584   545  18.999   1.493         
 0585   545  19.000   1.249         
 0585   548  18.418   1.535         
 0586   545  19.000   1.318         
 0586   548  18.458   1.626         
 0587   545  19.007   1.608         
 0587   548  18.374   2.104         
 0588   545  19.011   1.088         
 0589   545  19.012   1.449         
 0589   548  18.485   1.543         
 0590   545  19.013   1.272         
 0590   548  18.507   1.528         
 0591   545  19.017   1.456         
 0591   548  18.497   1.685         
 0592   545  19.019   1.331         
 0593   545  19.023   1.216         
 0593   548  18.474   1.571         
 0594   545  19.029   1.172         
 0594   548  18.460   1.531         
 0595   545  19.032   1.401         
 0596   545  19.033   1.579         
 0596   548  18.477   1.980         
 0597   545  19.037   1.131         
 0598   545  19.039   1.180         
 0600   545  19.059   1.327         
 0600   548  18.515   1.667         
 0601   545  19.065   1.461         
 0604   545  19.079   1.334         
 0604   548  18.670   1.619         
 0606   548  18.535   1.807         
 0607   545  19.094   1.402         
 0608   545  19.098   1.220         
 0609   545  19.104   1.214         
 0609   548  18.566   1.671         
 0610   545  19.106   1.200         
 0610   548  18.552   1.618         
 0611   545  19.108   1.488         
 0612   545  19.109   1.337         
 0613   545  19.120   1.369         
 0614   545  19.126   1.333         
 0614   548  18.611   2.040         
 0615   545  19.132   1.370         
 0615   548  18.555   1.732         
 0616   548  18.627   1.528         
 0617   545  19.134   1.172         
 0617   548  18.611   1.500         
 0618   545  19.134   1.297         
 0621   545  19.148   1.164         
 0621   548  18.669   1.455         
 0622   545  19.151   1.171         
 0622   548  18.553   1.756         
 0623   545  19.161   1.171         
 0623   548  18.685   1.612         
 0624   548  18.652   1.668         
 0625   545  19.174   1.198         
 0625   548  18.598   1.682         
 0626   545  19.182   1.240         
 0626   548  18.706   1.558         
 0627   545  19.190   1.174         
 0629   545  19.215   1.373         
 0629   548  18.631   1.620         
 0630   545  19.217   1.648         
 0630   548  18.428   1.550         
 0632   548  18.716   1.740         
 0633   545  19.232   0.980         
 0635   545  19.244   1.307         
 0635   548  18.683   1.637         
 0636   545  19.261   1.269         
 0637   548  18.628   1.792         
 0638   545  19.273   1.246         
 0638   548  18.726   1.676         
 0639   548  18.731   1.600         
 0641   545  19.275   1.184         
 0641   548  18.735   1.687         
 0642   545  19.276   1.402         
 0642   548  18.818   1.568         
 0643   545  19.277   1.023         
 0643   548  18.770   1.520         
 0644   548  18.758   2.037         
 0646   545  19.299   1.180         
 0646   548  18.694   1.618         
 0647   548  18.780   1.703         
 0648   548  18.818   1.964         
 0649   545  19.309   1.228         
 0649   548  18.735   1.537         
 0650   545  19.309   1.448         
 0650   548  18.817   1.654         
 0653   545  19.319   1.394         
 0654   548  18.798   1.355         
 0656   548  18.797   1.556         
 0657   548  18.796   1.903         
 0658   548  18.799   1.955         
 0659   545  19.339   0.058  -0.805
 0659   548  19.121  -0.074         
 0661   545  19.344   1.391         
 0661   548  18.856   1.859         
 0662   545  19.345   1.179         
 0662   548  18.829   1.568         
 0664   545  19.347   1.119         
 0666   545  19.352   0.989         
 0666   548  18.785   1.517         
 0668   548  18.789   1.914         
 0669   548  18.882   1.704         
 0671   545  19.366   1.287         
 0671   548  18.896   1.490         
 0672   548  18.788   2.081         
 0674   545  19.378   1.297         
 0674   548  18.829   1.663         
 0675   548  18.799   1.636         
 0677   548  18.783   1.666         
 0678   548  18.920   1.671         
 0679   548  18.922   1.650         
 0680   548  18.856   1.728         
 0683   548  18.863   1.740         
 0684   548  18.891   1.666         
 0685   548  18.904   1.518         
 0686   545  19.407   1.239         
 0687   545  19.408   1.075         
 0687   548  18.821   1.511         
 0690   548  18.880   1.602         
 0692   548  19.028   1.638         
 0694   545  19.431   1.163         
 0695   545  19.433   1.173         
 0695   548  18.926   1.534         
 0696   548  18.844   1.604         
 0697   545  19.434   1.238         
 0697   548  18.966   1.716         
 0701   545  19.448   1.073         
 0701   548  18.911   1.516         
 0704   548  18.938   1.643         
 0706   548  18.859   1.529         
 0708   548  19.007   1.765         
 0709   548  18.948   1.650         
 0710   548  19.002   1.621         
 0711   548  19.041   1.653         
 0714   548  19.099   1.534         
 0717   548  18.995   1.694         
 0718   548  19.060   1.704         
 0720   548  19.146   1.841         
 0722   545  19.594   1.055         
 0725   545  19.631   1.345         
 0729   548  19.065   1.878         
 0730   548  19.109   1.675         
 0734   548  19.017   1.744         
 0739   548  19.299   1.769         
 0740   548  19.096   1.406         
 0741   548  19.223   1.694         
 0742   548  19.134   1.755         
 0745   545  19.738   0.991         
 0746   548  19.263   1.609         
 0747   548  19.296   1.701         
 0753   548  19.284   1.656         
 0754   548  19.137   1.731         
 0755   548  19.180   1.587         
 0756   548  19.365   1.780         
 0757   548  19.297   1.960         
 0759   548  19.380   2.408         
 0764   548  19.377   1.652         
 0766   548  19.329   1.645         
 0768   548  19.505   2.222         
 0770   548  19.496   2.352         
 0771   548  19.561   1.853         
 0772   548  19.749   1.970         
 0775   548  19.654   1.946         
 0777   548  19.581   1.609         
 0779   548  19.546   2.042         
 0780   548  19.496   1.776         
 0785   548  19.734   1.970         
 0796   548  19.535   1.745         
 0797   548  19.748   1.603         
 0799   548  19.741   1.491         
 0803   548  19.802   1.929         
 0808   548  19.787   1.454         
 0810   548  19.709   2.036         
 0812   548  19.741   1.875         
 0820   548  19.634   2.006         
 0824   548  19.975   2.193         
 0825   548  19.848   1.771         
 0827   548  19.785   1.735         
 0831   548  19.951   1.619         
 1000   548  22.378   0.073         
 1001   548  21.348   0.564         
 1002   548  18.843   1.629         
 1003   548  20.806   1.107         
 1004   548  21.050   1.057         
 1005   548  19.329   1.662         
 1006   548  17.407   1.461         
 1007   548  19.105   2.616         
 1008   548  20.270   1.958         
 1009   548  19.757   2.576         
 1010   548  20.620   2.079         
 1011   548  20.381   2.264         
 1012   548  19.527   1.859         
 1013   548  16.277   1.719         
 1014   548  20.145   1.563         
 1015   548  20.933   1.732         
 1016   548  18.867   2.026         
 1017   548  17.192   1.844         
 1018   548  20.259   2.456         
 1019   548  20.928   2.331         
 1020   548  18.312   1.788         
 1021   548  20.174   2.152         
 1022   548  21.186   1.400         
 1023   548  20.462   1.794         
 1024   548  20.464   1.686         
 1025   548  17.938   1.567         
 1026   548  19.142   1.787         
 1027   548  19.088   1.904         
 1028   548  21.487   1.889         
 1029   548  17.413   1.370         
 1030   548  19.202   2.514         
 1031   548  20.238   1.393         
 1032   548  20.252   1.838         
 1033   548  20.596   1.869         
 1034   548  20.272   2.036         
 1035   548  18.594   1.623         
 1036   548  18.374   1.668         
 1037   548  19.260   1.587         
 1038   548  16.432   1.456         
 1039   548  20.430   1.855         
 1040   548  20.363   1.382         
 1041   548  19.562   2.091         
 1042   548  18.100   2.338         
 1043   548  20.879   1.868         
 1044   548  17.485   1.663         
 1045   548  20.826   2.461         
 1046   548  18.942   1.709         
 1047   548  16.038   1.960         
 1048   548  13.963   0.992         
 1049   548  21.495   1.505         
 1050   548  17.611   1.607         
 1051   548  18.825   1.735         
 1052   548  16.559   1.171         
 1053   548  20.788   1.556         
 1054   548  14.359   1.089         
 1055   548  19.729   1.439         
 1056   548  17.549   1.369         
 1057   548  13.923   0.842         
 1058   548  19.950   1.957         
 1059   548  19.553   1.813         
 1060   548  21.281   1.868         
 1061   548  18.320   1.613         
 1062   548  17.402   1.677         
 1063   548  13.886   1.139         
 1064   548  18.229   1.477         
 1065   548  19.595   1.949         
 1066   548  21.066   0.177         
 1067   548  20.558   2.393         
 1068   548  15.245   1.214         
 1069   548  20.071   2.157         
 1070   548  18.819   1.599         
 1071   548  19.330   1.972         
 1072   548  20.545   1.819         
 1073   548  18.446   1.886         
 1074   548  20.492   1.630         
 1075   548  20.712   2.953         
 1076   548  20.321   2.308         
 1077   548  19.952   2.607         
 1078   548  19.745   1.616         
 1079   548  21.082   0.159         
 1080   548  19.966   1.829         
 1081   548  19.250   1.775         
 1082   548  19.247   2.123         
 1083   548  16.348   2.220         
 1084   548  19.582   1.674         
 1085   548  16.822   1.308         
 1086   548  21.129   1.445         
 1087   548  17.667   1.426         
 1088   548  20.709   2.446         
 1089   548  16.597   1.420         
 1090   548  17.763   1.677         
 1091   548  18.624   1.933         
 1092   548  17.768   1.484         
 1093   548  18.566   1.609         
 1094   548  17.860   1.744         
 1095   548  20.799   1.784         
 1096   548  20.269   1.210         
 1097   548  20.492   2.092         
 1098   548  21.358   1.647         
 1099   548  19.901   1.660         
 1100   548  19.846   1.761         
 1101   548  18.399   1.589         
 1102   548  20.032   1.791         
 1103   548  17.945   2.376         
 1104   548  20.370   1.861         
 1105   548  21.179   1.413         
 1106   548  18.913   1.584         
 1107   548  20.817   1.828         
 1108   548  18.763   2.143         
 1109   548  18.935   1.756         
 1110   548  20.385   1.531         
 1111   548  20.102   1.664         
 1112   548  19.242   1.688         
 1113   548  21.146   2.019         
 1114   548  19.101   2.060         
 1115   548  18.528   1.785         
 1116   548  20.726   1.862         
 1117   548  20.603   2.719         
 1118   548  19.780   2.157         
 1119   548  15.684   2.610         
 1120   548  19.175   0.296         
 1121   548  17.295   2.336         
 1122   548  19.434   1.747         
 1123   548  20.216   2.132         
 1124   548  20.308   1.895         
 1125   548  18.087   1.668         
 1126   548  20.350   1.439         
 1127   548  17.464   1.440         
 1128   548  19.812   0.574         
 1129   548  16.493   1.365         
 1130   548  18.421   1.678         
 1131   548  17.962   2.300         
 1132   548  19.075   2.167         
 1133   548  19.617   0.636         
 1134   548  18.987   1.811         
 1135   548  20.513   2.270         
 1136   548  15.664   1.275         
 1137   548  18.485   1.613         
 1138   548  20.599   1.739         
 1139   548  20.258   1.874         
 1140   548  18.151   1.475         
 1141   548  16.387   1.391         
 1142   548  21.328   2.386         
 1143   548  20.329   2.024         
 1144   548  20.770   1.882         
 1145   548  18.282   1.452         
 1146   548  17.724   1.445         
 1147   548  20.825   1.712         
 1148   548  19.093   1.674         
 1149   548  19.497   1.624         
 1150   548  18.827   2.285         
 1151   548  20.771   1.700         
 1152   548  16.045   1.194         
 1153   548  14.713   0.912         
 1154   548  20.365   2.524         
 1155   548  19.109   1.785         
 1156   548  18.592   2.604         
 1157   548  20.160   1.976         
 1158   548  20.360   2.610         
 1159   548  20.145   0.388         
 1160   548  17.744   1.494         
 1161   548  19.086   1.753         
 1162   548  15.109   1.008         
 1163   548  19.178   1.849         
 1164   548  19.817   1.837         
 1165   548  14.183   1.192         
 1166   548  19.757   2.005         
 1167   548  19.034   1.742         
 1168   548  20.068   3.004         
 1169   548  19.676   1.750         
 1170   548  19.859   1.987         
 1171   548  20.947   2.226         
 1172   548  18.549   1.720         
 1173   548  14.389   1.967         
 1174   548  16.302   1.222         
 1175   548  18.184   1.583         
 1176   548  20.830   1.881         
 1177   548  19.477   1.776         
 1178   548  19.882   1.858         
 1179   548  20.603   1.725         
 1180   548  16.758   1.267         
 1181   548  17.494   1.453         
 1182   548  20.034   1.676         
 1183   548  20.416   0.041         
 1184   548  20.227   1.766         
 1185   548  17.326   1.367         
 1186   548  19.481   1.512         
 1187   548  19.197   1.633         
 1188   548  19.426   1.651         
 1189   548  20.235   2.182         
 1190   548  19.970   1.528         
 1191   548  19.162   1.840         
 1192   548  19.119   2.052         
 1193   548  18.107   1.974         
 1194   548  19.543   1.957         
 1195   548  15.978   1.178         
 1196   548  19.269   1.716         
 1197   548  18.464   1.564         
 1198   548  20.984   2.481         
 1199   548  21.195   1.621         
 1200   548  17.136   1.365         
 1201   548  18.135   1.589         
 1202   548  19.422   1.815         
 1203   548  19.389   2.048         
 1204   548  15.907   1.371         
 1205   548  19.989   1.914         
 1206   548  17.686   1.413         
 1207   548  20.020   1.616         
 1208   548  19.812   1.578         
 1209   548  20.642   2.075         
 1210   548  20.811   2.000         
 1211   548  19.490   1.506         
 1212   548  19.273   1.615         
 1213   548  19.854   1.954         
 1214   548  20.535   1.487         
 1215   548  18.631   1.895         
 1216   548  18.855   1.572         
 1217   548  17.030   1.355         
 1218   548  20.831   1.960         
 1219   548  20.793   1.184         
 1220   548  20.813   1.561         
 1221   548  20.490   2.119         
 1222   548  21.250   1.216         
 1223   548  20.575   1.977         
 1224   548  20.688   2.280         
 1225   548  18.424   1.538         
 1226   548  20.740   1.754         
 1227   548  20.663   1.928         
 1228   548  18.138   1.513         
 1229   548  19.462   0.728         
 1230   548  19.932   1.620         
 1231   548  20.921   2.147         
 1232   548  18.450   1.511         
 1233   548  19.215   1.814         
 1234   548  19.645   1.721         
 1235   548  18.230   1.723         
 1236   548  15.755   1.204         
 1237   548  19.268   1.790         
 1238   548  16.798   1.194         
 1239   548  20.611   2.072         
 1240   548  16.770   1.326         
 1241   548  19.220   1.856         
 1242   548  18.667   1.596         
 1243   548  17.609   1.821         
 1244   548  18.376   1.276         
 1245   548  19.125   1.912         
 1246   548  18.116   1.611         
 1247   548  20.236   1.998         
 1248   548  20.087   1.553         
 1249   548  14.985   0.941         
 1250   548  19.936   2.562         
 1251   548  19.593   2.279         
 1252   548  20.494   2.648         
 1253   548  20.269   2.418         
 1254   548  19.948   2.222         
 1255   548  20.366   2.025         
 1256   548  18.842   1.702         
 1257   548  20.815   1.710         
 1258   548  20.408   1.780         
 1259   548  21.168  -0.091         
 1260   548  19.800   2.234         
 1261   548  20.005   1.693         
 1262   548  19.513   1.954         
 1263   548  16.150   1.199         
 1264   548  20.722   3.068         
 1265   548  18.729   1.537         
 1266   548  15.318   2.684         
 1267   548  19.363   1.489         
 1268   548  20.303   1.629         
 1269   548  19.525   1.263         
 1270   548  19.526   2.510         
 1271   548  19.116   1.705         
 1272   548  19.154   1.755         
 1273   548  19.681   2.361         
 1274   548  20.236   1.940         
 1275   548  20.520   1.974         
 1276   548  22.413   0.583         
 1277   548  20.783   2.721         
 1278   548  20.051   2.864         
 1279   548  20.131   1.780         
 1280   548  16.649   1.270         
 1281   548  20.551   1.301         
 1282   548  19.357   1.701         
 1283   548  20.655   2.372         
 1284   548  20.042   0.763         
 1285   548  19.581   2.512         
 1286   548  19.323   1.638         
 1287   548  19.531   1.723         
 1288   548  19.780   2.526         
 1289   548  18.334   2.099         
 1290   548  18.123   1.334         
 1291   548  20.599   0.992         
 1292   548  21.884   0.988         
 1293   548  21.090   4.260         
 1294   548  20.285   2.284         
 1295   548  19.693   1.982         
 1296   548  21.316   1.536         
 1297   548  19.575   1.423         
 1298   548  12.824   0.851         
 1299   548  16.161   3.194         
 1300   548  20.842   0.429         
 1301   548  19.664   2.328         
 1302   548  20.705   2.056         
 1303   548  19.172   1.783         
 1304   548  18.983   1.659         
 1305   548  19.059   2.282         
 1306   548  19.131   1.844         
 1307   548  18.934   1.824         
 1308   548  16.930   1.321         
 1309   548  16.128   2.241         
 1310   548  18.930   1.828         
 1311   548  18.623   1.660         
 1312   548  20.262   1.745         
 1313   548  20.605   1.527         
 1314   548  17.068   1.452         
 1315   548  18.406   2.322         
 1316   548  17.746   1.752         
 1317   548  19.964   1.754         
 1318   548  20.454   1.866         
 1319   548  19.276   2.349         
 1320   548  19.320   1.771         
 1321   548  20.139   1.796         
 1322   548  19.049   2.862         
 1323   548  15.534   1.365         
 1324   548  18.420   1.552         
 1325   548  18.781   1.684         
 1326   548  19.106   2.451         
 1327   548  20.021   2.903         
 1328   548  19.364   1.665         
 1329   548  20.026   2.043         
 1330   548  20.056   2.633         
 1331   548  17.851   1.464         
 1332   548  19.926   1.572         
 1333   548  19.445   1.757         
 1334   548  14.516   1.192         
 1335   548  20.348   2.623         
 1336   548  19.448   3.002         
 1337   548  20.733   1.927         
 1338   548  20.362   1.348         
 1339   548  19.284   1.901         
 1340   548  16.890   2.019         
 1341   548  16.448   1.484         
 1342   548  20.316   2.400         
 1343   548  20.314   2.093         
 1344   548  19.122   1.525         
 1345   548  18.434   1.516         
 1346   548  20.726   2.367         
 1347   548  18.461   1.758         
 1348   548  21.000   1.339         
 1349   548  19.628   1.600         
 1350   548  19.852   1.048         
 1351   548  19.968   2.034         
 1352   548  20.361   1.586         
 1353   548  17.930   2.260         
 1354   548  19.394   2.592         
 1355   548  18.579   1.861         
 1356   548  20.461   2.210         
 1357   548  19.454   1.639         
 1358   548  20.368   2.209         
 1359   548  21.081   2.648         
 1360   548  20.716   1.758         
 1361   548  21.456   1.282         
 1362   548  16.351   1.343         
 1363   548  19.245   1.946         
 1364   548  19.827   2.565         
 1365   548  16.244   1.201         
 1366   548  21.110   1.450         
 1367   548  19.744   1.954         
 1368   548  20.701   2.181         
 1369   548  19.578   2.278         
 1370   548  19.686   1.863         
 1371   548  18.707   1.601         
 1372   548  20.518   1.496         
 1373   548  17.205   1.365         
 1374   548  21.480   1.886         
 1375   548  20.442   2.230         
 1376   548  20.627   2.389         
 1377   548  17.360   1.410         
 1378   548  20.977   2.283         
 1379   548  17.996   1.496         
 1380   548  16.418   1.811         
 1381   548  19.489   1.917         
 1382   548  19.944   1.681         
 1383   548  19.748   2.240         
 1384   548  20.055   2.053         
 1385   548  20.892   1.912         
 1386   548  20.592   2.012         
 1387   548  19.564   1.393         
 1388   548  19.203   1.561         
 1389   548  15.755   1.314         
 1390   548  12.504   0.832         
 1391   548  19.987   1.780         
 1392   548  20.079   1.921         
 1393   548  18.722   1.702         
 1394   548  20.868   0.054         
 1395   548  21.230   1.514         
 1396   548  20.021   1.698         
 1397   548  19.910   1.897         
 1398   548  19.970   2.115         
 1399   548  13.774   1.938         
 1400   548  17.013   1.696         
 1401   548  20.546   1.961         
 1402   548  17.969   1.921         
 1403   548  18.038   1.456         
 1404   548  16.682   1.244         
 1405   548  15.689   2.432         
 1406   548  15.285   1.234         
 1407   548  18.055   2.090         
 1408   548  19.844   1.997         
 1409   548  20.864   0.366         
 1410   548  19.052   1.648         
 1411   548  21.241   1.973         
 1412   548  19.374   1.796         
 1413   548  19.096   1.942         
 1414   548  18.066   1.346         
 1415   548  20.015   1.481         
 1416   548  18.265   1.640         
 1417   548  19.414   1.757         
 1418   548  20.930   2.071         
 1419   548  18.958   2.013         
 1420   548  16.709   1.465         
 1421   548  17.808   1.731         
 1422   548  21.247   2.151         
 1423   548  20.451   1.959         
 1424   548  21.766   0.541         
 1425   548  17.871   1.545         
 1426   548  19.672   1.906         
 1427   548  20.214   1.903         
 1428   548  19.150   1.580         
 1429   548  20.163   2.366         
 1430   548  19.019   1.640         
 1431   548  19.797   2.414         
 1432   548  21.242   1.842         
 1433   548  20.627   1.517         
 1434   548  19.125   2.339         
 1435   548  20.717   1.871         
 1436   548  17.216   1.535         
 1437   548  17.852   1.437         
 1438   548  20.530   2.362         
 1439   548  20.649   1.473         
 1440   548  17.008   1.184         
 1441   548  20.340   2.377         
 1442   548  21.174   2.030         
 1443   548  19.766   2.003         
 1444   548  19.633   1.619         
 1445   548  17.202   1.521         
 1446   548  19.617   1.276         
 1447   548  19.329   2.181         
 1448   548  19.986   1.654         
 1449   548  16.003   1.538         
 1450   548  20.398   1.881         
 1451   548  17.486   1.412         
 1452   548  16.565   1.234         
 1453   548  19.531   1.836         
 1454   548  20.026   1.423         
 1455   548  20.622   1.641         
 1456   548  13.062   2.380         
 1457   548  17.452   1.714         
 1458   548  19.972   2.001         
 1459   548  17.654   1.474         
 1460   548  20.224   2.106         
 1461   548  16.658   1.208         
 1462   548  19.690   1.704         
 1463   548  17.241   1.874         
 1464   548  20.329   1.476         
 1465   548  13.765   1.836         
 1466   548  16.796   2.108         
 1467   548  21.317   1.898         
 1468   548  20.807   1.597         
 1469   548  20.087   1.711         
 1470   548  18.819   1.632         
 1471   548  21.177   1.772         
 1472   548  17.675   1.490         
 1473   548  19.332   2.021         
 1474   548  21.039   1.227         
 1475   548  19.860   2.003         
 1476   548  19.725   1.867         
 1477   548  20.796   2.445         
 1478   548  20.147   1.764         
 1479   548  20.939   1.356         
 1480   548  18.967   1.406         
 1481   548  19.166   2.077         
 1482   548  20.020   1.760         
 1483   548  19.899   1.863         
 1484   548  20.785   1.935         
 1485   548  17.489   2.210         
 1486   548  20.657   1.686         
 1487   548  19.849   2.066         
 1488   548  17.490   1.517         
 1489   548  17.308   1.437         
 1490   548  20.565   2.000         
 1491   548  19.237   1.654         
 1492   548  20.717   1.343         
 1493   548  20.651   1.899         
 1494   548  17.241   1.336         
 1495   548  17.709   1.991         
 1496   548  20.828   0.526         
 1497   548  17.284   1.550         
 1498   548  20.947   1.737         
 1499   548  19.302   1.664         
 1500   548  20.531   1.595         
 1501   548  20.983   2.020         
 1502   548  20.137   1.947         
 1503   548  19.128   1.789         
 1504   548  20.865   1.400         
 1505   548  20.892   2.007         
 1506   548  20.072   1.770         
 1507   548  19.742   1.555         
 1508   548  20.800   1.996         
 1509   548  16.497   1.147         
 1510   548  20.651   1.970         
 1511   548  16.666   1.270         
 1512   548  17.143   1.557         
 1513   548  18.631   2.217         
 1514   548  16.441   1.278         
 1515   548  20.277   1.739         
 1516   548  20.899   2.098         
 1517   548  19.443   1.621         
 1518   548  21.105   1.945         
 1519   548  16.536   1.443         
 1520   548  14.522   1.259         
 1521   548  20.914   1.514         
 1522   548  17.407   1.751         
 1523   548  18.042   1.711         
 1524   548  19.964   1.810         
 1525   548  19.883   1.552         
 1526   548  17.929   1.509         
 1527   548  20.274   1.672         
 1528   548  18.799   1.871         
 1529   548  17.275   1.486         
 1530   548  18.133   2.319         
 1531   548  20.192   1.997         
 1532   548  19.564   1.666         
 1533   548  17.076   1.352         
 1534   548  19.585   1.827         
 1535   548  20.935   1.579         
 1536   548  20.715   2.445         
 1537   548  19.653   2.503         
 1538   548  19.940   2.171         
 1539   548  19.529   1.530         
 1540   548  20.421   1.152         
 1541   548  18.370   1.998         
 1542   548  19.985   2.002         
 1543   548  19.163   1.888         
 1544   548  19.656   1.552         
 1545   548  19.932   1.673         
 1546   548  20.152   1.673         
 1547   548  19.525   1.825         
 1548   548  20.338   1.848         
 1549   548  20.006   2.332         
 1550   548  18.899   1.608         
 1551   548  16.505   1.325         
 1552   548  19.947   1.718         
 1553   548  20.381   1.435         
 1554   548  20.190   1.983         
 1555   548  17.927   1.832         
 1556   548  19.540   1.730         
 1557   548  19.950   1.755         
 1558   548  16.030   1.323         
 1559   548  19.520   1.724         
 1560   548  20.163   2.744         
 1561   548  20.841   1.508         
 1562   548  19.339   1.784         
 1563   548  18.396   1.632         
 1564   548  19.143   1.643         
 1565   548  20.136   2.811         
 1566   548  10.901   0.710         
 1567   548  20.756   2.208         
 1568   548  19.834   1.976         
 1569   548  19.689   2.148         
 1570   548  20.451   2.564         
 1571   548  20.071   1.563         
 1572   548  20.952   1.629         
 1573   548  19.966   2.131         
 1574   548  20.972   4.020         
 1575   548  17.098   1.271         
 1576   548  19.685   1.574         
 1577   548  20.275   1.681         
 1578   548  19.857   1.747         
 1579   548  20.064   1.791         
 1580   548  19.172   1.781         
 1581   548  20.633   2.044         
 1582   548  20.245   1.701         
 1583   548  21.578   1.351         
 1584   548  20.853   1.858         
 1585   548  19.220   1.363         
 1586   548  19.450   2.182         
 1587   548  20.909   1.508         
 1588   548  17.154   2.548         
 1589   548  19.234   1.696         
 1590   548  21.347   1.202         
 1591   548  20.092   1.790         
 1592   548  19.800   1.858         
 1593   548  21.031   1.428         
 1594   548  20.750   1.618         
 1595   548  20.052   1.703         
 1596   548  17.334   1.445         
 1597   548  19.545   1.847         
 1598   548  17.712   1.571         
 1599   548  20.740   2.396         
 1600   548  19.502   1.884         
 1601   548  20.866   1.699         
 1602   548  13.889   1.107         
 1603   548  20.776   1.883         
 1604   548  15.304   2.859         
 1605   548  15.536   1.032         
 1606   548  19.479   2.446         
 1607   548  20.685   1.863         
 1608   548  18.447   1.702         
 1609   548  21.071   2.166         
 1610   548  19.144   1.595         
 1611   548  19.264   2.088         
 1612   548  19.813   2.811         
 1613   548  20.685   2.822         
 1614   548  19.758   1.700         
 1615   548  17.691   1.226         
 1616   548  20.303   1.621         
 1617   548  19.379   1.856         
 1618   548  18.974   2.200         
 1619   548  19.634   2.036         
 1620   548  20.699   1.816         
 1621   548  19.431   1.765         
 1622   548  18.095   1.423         
 1623   548  17.651   1.928         
 1624   548  18.988   1.491         
 1625   548  19.459   1.748         
 1626   548  19.155   1.714         
 1627   548  18.048   1.478         
 1628   548  19.340   1.666         
 1629   548  17.167   1.430         
 1630   548  18.705   1.621         
 1631   548  13.635   1.298         
 1632   548  13.870   1.310         
 1633   548  17.343   1.541         
 1634   548  20.648   1.518         
 1635   548  20.281   2.348         
 1636   548  19.004   1.869         
 1637   548  19.622   1.835         
 1638   548  19.906   1.915         
 1639   548  17.118   1.435         
 1640   548  17.697   1.351         
 1641   548  18.803   1.280         
 1642   548  16.113   2.006         
 1643   548  19.034   1.505         
 1644   548  20.924   1.835         
 1645   548  15.975   2.239         
 1646   548  19.726   1.716         
 1647   548  17.694   2.441         
 1648   548  19.072   1.663         
 1649   548  19.153   1.885         
 1650   548  16.720   1.411         
 1651   548  18.295   1.534         
 1652   548  18.461   1.556         
 1653   548  20.455   2.205         
 1654   548  20.049   1.599         
 1655   548  17.158   1.458         
 1656   548  17.678   1.623         
 1657   548  20.653   1.749         
 1658   548  19.850   1.821         
 1659   548  17.208   1.597         
 1660   548  20.376   1.349         
 1661   548  20.764   2.028         
 1662   548  17.905   1.342         
 1663   548  19.274   1.805         
 1664   548  20.404   1.971         
 1665   548  16.506   1.244         
 1666   548  20.427   1.887         
 1667   548  16.895   1.311         
 1668   548  20.554   2.280         
 1669   548  18.127   1.723         
 1670   548  18.907   1.652         
 1671   548  16.771   1.474         
 1672   548  19.159   1.785         
 1673   548  21.237   1.526         
 1674   548  17.345   1.399         
 1675   548  21.247   2.164         
 1676   548  17.348   1.238         
 1677   548  20.430   1.932         
 1678   548  21.978   0.991         
 1679   548  21.116   2.907         
 1680   548  18.418   1.606         
 1681   548  18.509   1.459         
 1682   548  18.485   1.640         
 1683   548  19.335   2.070         
 1684   548  16.503   1.193         
 1685   548  17.701   1.352         
 1686   548  15.188   1.343         
 1687   548  20.183   2.154         
 1688   548  17.214   1.409         
 1689   548  17.020   1.471         
 1690   548  19.338   1.771         
 1691   548  19.085   1.690         
 1692   548  21.035   1.831         
 1693   548  15.290   1.099         
 1694   548  20.584   1.592         
 1695   548  16.867   1.473         
 1696   548  17.289   1.392         
 1697   548  19.883   2.712         
 1698   548  20.116   2.563         
 1699   548  18.962   1.593         
 1700   548  20.400   1.769         
 1701   548  17.872   1.500         
 1702   548  20.708   1.629         
 1703   548  15.820   1.192         
 1704   548  18.262   1.612         
 1705   548  15.402   1.388         
 1706   548  15.865   1.288         
 1707   548  20.083   2.050         
 1708   548  17.934   1.592         
 1709   548  19.469   1.757         
 1710   548  19.594   1.849         
 1711   548  18.482   1.528         
 1712   548  20.676   2.683         
 1713   548  18.095   1.650         
 1714   548  14.890   1.144         
 1715   548  17.875   1.345         
 1716   548  20.310   1.914         
 1717   548  16.286   1.413         
 1718   548  19.288   1.869         
 1719   548  20.121   2.145         
 1720   548  19.611   1.716         
 1721   548  18.715   2.158         
 1722   548  18.647   1.742         
 1723   548  19.408   1.769         
 1724   548  16.433   1.400         
 1725   548  17.357   1.657         
 1726   548  16.611   2.282         
 1727   548  18.588   1.799         
 1728   548  19.115   1.556         
 1729   548  15.990   1.321         
 1730   548  21.031   2.562         
 1731   548  18.393   1.593         
 1732   548  16.252   1.308         
 1733   548  16.980   1.498         
 1734   548  20.284   1.769         
 1735   548  17.801   1.942         
 1736   548  20.378   1.926         
 1737   548  17.537   1.553         
 1738   548  20.218   1.493         
 1739   548  18.274   1.847         
 1740   548  17.151   1.643         
 1741   548  18.583   1.587         
 1742   548  17.080   1.349         
 1743   548  18.403   1.479         
 1744   548  15.121   1.121         
 1745   548  17.791   1.727         
 1746   548  20.305   1.491         
 1747   548  19.390   1.783         
 1748   548  20.239   1.953         
 1749   548  19.842   1.550         
 1750   548  18.052   2.506         
 1751   548  15.709   1.196         
 1752   548  18.981   1.919         
 1753   548  10.304   0.478         
 1754   548  20.427   2.188         
 1755   548  20.867   1.840         
 1756   548  18.342   1.665         
 1757   548  19.073   2.003         
 1758   548  20.149   1.859         
 1759   548  19.529   2.033         
 1760   548  15.993   1.276         
 1761   548  17.278   1.876         
 1762   548  17.323   1.640         
 1763   548  19.369   1.944         
 1764   548  17.640   1.534         
 1765   548  20.381   1.691         
 1766   548  17.830   1.605         
 1767   548  18.502   1.651         
 1768   548  18.575   1.607         
 1769   548  20.833   1.687         
 1770   548  19.349   1.713         
 1771   548  18.505   1.550         
 1772   548  18.479   1.671         
 1773   548  19.048   1.987         
 1774   548  18.948   1.796         
 1775   548  19.020   1.668         
 1776   548  21.681   0.710         
 1777   548  19.113   1.738         
 1778   548  20.918   1.875         
 1779   548  18.930   1.764         
 1780   548  17.391   1.392         
 1781   548  17.896   1.552         
 1782   548  18.410   1.833         
 1783   548  16.694   1.110         
 1784   548  21.007   1.780         
 1785   548  19.770   1.658         
 1786   548  20.352   2.281         
 1787   548  15.976   2.386         
 1788   548  14.262   1.292         
 1789   548  18.901   1.616         
 1790   548  19.717   2.717         
 1791   548  19.052   1.811         
 1792   548  21.818   1.376         
 1793   548  17.164   2.041         
 1794   548  19.231   1.962         
 1795   548  19.328   1.782         
 1796   548  18.725   1.834         
 1797   548  18.375   1.693         
 1798   548  19.048   1.916         
 1799   548  16.200   1.134         
 1800   548  16.156   2.247         
 1801   548  19.727   2.185         
 1802   548  18.352   1.416         
 1803   548  19.850   1.532         
 1804   548  18.176   1.541         
 1805   548  17.255   1.938         
 1806   548  15.220   1.037         
 1807   548  18.661   1.815         
 1808   548  21.368   1.907         
 1809   548  17.597   1.597         
 1810   548  15.388   2.684         
 1811   548  17.096   1.372         
 1812   548  19.628   1.777         
 1813   548  18.229   1.321         
 1814   548  19.560   1.658         
 1815   548  17.779   1.789         
 1816   548  17.752   1.565         
 1817   548  16.253   1.162         
 1818   548  16.896   1.541         
 1819   548  20.670   2.277         
 1820   548  17.764   1.660         
 1821   548  20.002   1.873         
 1822   548  17.580   1.427         
 1823   548  17.226   1.784         
 1824   548  14.679   1.228         
 1825   548  19.462   1.933         
 1826   548  16.367   1.257         
 1827   548  18.153   1.423         
 1828   548  16.545   1.418         
 1829   548  18.536   1.661         
 1830   548  18.625   1.411         
 1831   548  20.779   2.018         
 1832   548  17.125   1.523         
 1833   548  17.708   1.451         
 1834   548  21.296   1.992         
 1835   548  19.099   2.256         
 1836   548  18.580   1.819         
 1837   548  18.907   1.698         
 1838   548  21.052   1.679         
 1839   548  19.664   2.045         
 1840   548  19.565   2.528         
 1841   548  20.111   1.843         
 1842   548  17.889   1.443         
 1843   548  14.878   0.717         
 1844   548  21.823   0.963         
 1845   548  20.145   1.414         
 1846   548  17.100   1.464         
 1847   548  13.438   0.893         
 1848   548  13.128   1.680         
 1849   548  21.536   1.975         
 1850   548  20.116   1.918         
 1851   548  16.580   1.320         
 1852   548  20.619   2.279         
 1853   548  19.742   1.808         
 1854   548  18.276   1.677         
 1855   548  18.177   2.439         
 1856   548  14.710   1.243         
 1857   548  13.743   1.007         
 1858   548  19.435   1.755         
 1859   548  17.625   1.643         
 1860   548  15.251   0.953         
 1861   548  18.534   1.744         
 1862   548  19.268   1.456         
 1863   548  18.730   1.963         
 1864   548  18.603   1.845         
 1865   548  17.570   1.388         
 1866   548  15.517   1.245         
 1867   548  18.867   1.797         
 1868   548  19.502   2.008         
 1869   548  17.729   1.389         
 1870   548  17.343   1.526         
 1871   548  18.096   1.609         
 1872   548  18.161   1.457         
 1873   548  16.539   2.652         
 1874   548  17.402   1.532         
 1875   548  18.608   1.492         
 1876   548  20.590   1.867         
 1877   548  20.001   2.412         
 1878   548  20.615   1.855         
 1879   548  14.509   3.016         
 1880   548  20.805   2.767         
 1881   548  15.810   1.335         
 1882   548  15.879   1.307         
 1883   548  18.355   1.448         
 1884   548  20.837   1.646         
 1885   548  18.799   1.735         
 1886   548  18.878   1.806         
 1887   548  16.970   2.103         
 1888   548  17.320   1.505         
 1889   548  20.428   2.749         
 1890   548  20.066   1.899         
 1891   548  20.157   1.865         
 1892   548  16.743   1.443         
 1893   548  18.650   1.621         
 1894   548  16.879   1.446         
 1895   548  19.132   2.463         
 1896   548  19.159   1.806         
 1897   548  17.847   1.610         
 1898   548  18.829   2.149         
 1899   548  19.388   1.963         
 1900   548  14.809   2.114         
 1901   548  18.966   1.714         
 1902   548  15.831   2.820         
 1903   548  19.453   1.687         
 1904   548  20.210   1.829         
 1905   548  15.662   1.121         
 1906   548  19.841   1.853         
 1907   548  14.810   2.050         
 1908   548  17.558   1.604         
 1909   548  19.381   2.267         
 1910   548  19.875   1.952         
 1911   548  18.921   1.868         
 1912   548  20.540   1.772         
 1913   548  17.549   1.434         
 1914   548  20.643   1.771         
 1915   548  15.639   1.180         
 1916   548  18.332   1.402         
 1917   548  19.106   1.726         
 1918   548  20.665   1.428         
 1919   548  15.970   1.276         
 1920   548  19.028   1.747         
 1921   548  17.606   1.504         
 1922   548  16.264   2.274         
 1923   548  15.678   1.252         
 1924   548  19.021   1.726         
 1925   548  19.514   1.960         
 1926   548  20.849   2.431         
 1927   548  16.980   1.623         
 1928   548  15.702   1.078         
 1929   548  18.475   1.500         
 1930   548  19.481   1.968         
 1931   548  18.942   1.633         
 1932   548  19.731   1.667         
 1933   548  20.342   1.840         
 1934   548  20.387   1.967         
 1935   548  18.799   1.687         
 1936   548  16.678   1.315         
 1937   548  16.389   1.400         
 1938   548  20.961   1.421         
 1939   548  16.078   1.108         
 1940   548  16.919   2.320         
 1941   548  17.663   1.575         
 1942   548  15.376   1.257         
 1943   548  18.920   1.846         
 1944   548  18.467   1.493         
 1945   548  17.124   1.366         
 1946   548  18.477   1.587         
 1947   548  20.102   1.490         
 1948   548  18.742   2.036         
 1949   548  17.210   2.496         
 1950   548  17.929   1.743         
 1951   548  20.268   1.904         
 1952   548  17.793   2.430         
 1953   548  18.956   1.653         
 1954   548  17.191   1.357         
 1955   548  18.430   1.543         
 1956   548  19.261   1.999         
 1957   548  19.680   2.000         
 1958   548  21.727   1.067         
 1959   548  18.463   1.697         
 1960   548  17.903   1.878         
 1961   548  17.657   1.516         
 1962   548  16.945   1.361         
 1963   548  16.644   1.476         
 1964   548  18.547   1.493         
 1965   548  20.855   1.811         
 1966   548  17.237   1.324         
 1967   548  19.579   1.803         
 1968   548  20.053   2.542         
 1969   548  20.043   1.726         
 1970   548  19.134   1.617         
 1971   548  14.214   2.055         
 1972   548  20.597   2.001         
 1973   548  17.215   1.496         
 1974   548  18.087   1.618         
 1975   548  17.883   1.574         
